(kicad_pcb (version 20171130) (host pcbnew "(5.1.10-1-10_14)")

  (general
    (thickness 1.6)
    (drawings 28)
    (tracks 2986)
    (zones 0)
    (modules 80)
    (nets 184)
  )

  (page A4)
  (title_block
    (title "ABNielsen.com 6502 Single Board Computer")
    (rev 1)
    (comment 1 "License: Attribution-NonCommercial 4.0 International (CC BY-NC 4.0)")
  )

  (layers
    (0 F.Cu signal)
    (31 B.Cu signal)
    (32 B.Adhes user)
    (33 F.Adhes user)
    (34 B.Paste user)
    (35 F.Paste user)
    (36 B.SilkS user)
    (37 F.SilkS user)
    (38 B.Mask user)
    (39 F.Mask user)
    (40 Dwgs.User user)
    (41 Cmts.User user)
    (42 Eco1.User user)
    (43 Eco2.User user)
    (44 Edge.Cuts user)
    (45 Margin user)
    (46 B.CrtYd user)
    (47 F.CrtYd user)
    (48 B.Fab user)
    (49 F.Fab user)
  )

  (setup
    (last_trace_width 0.13)
    (trace_clearance 0.13)
    (zone_clearance 0.508)
    (zone_45_only no)
    (trace_min 0.13)
    (via_size 0.6)
    (via_drill 0.3)
    (via_min_size 0.6)
    (via_min_drill 0.3)
    (uvia_size 0.3)
    (uvia_drill 0.1)
    (uvias_allowed no)
    (uvia_min_size 0.2)
    (uvia_min_drill 0.1)
    (edge_width 0.05)
    (segment_width 0.2)
    (pcb_text_width 0.3)
    (pcb_text_size 1.5 1.5)
    (mod_edge_width 0.12)
    (mod_text_size 1 1)
    (mod_text_width 0.15)
    (pad_size 1.7 1.7)
    (pad_drill 1)
    (pad_to_mask_clearance 0.051)
    (solder_mask_min_width 0.25)
    (aux_axis_origin 0 0)
    (visible_elements FFFFFF7F)
    (pcbplotparams
      (layerselection 0x010f0_ffffffff)
      (usegerberextensions false)
      (usegerberattributes false)
      (usegerberadvancedattributes false)
      (creategerberjobfile false)
      (excludeedgelayer true)
      (linewidth 0.100000)
      (plotframeref false)
      (viasonmask false)
      (mode 1)
      (useauxorigin false)
      (hpglpennumber 1)
      (hpglpenspeed 20)
      (hpglpendiameter 15.000000)
      (psnegative false)
      (psa4output false)
      (plotreference true)
      (plotvalue true)
      (plotinvisibletext false)
      (padsonsilk false)
      (subtractmaskfromsilk false)
      (outputformat 1)
      (mirror false)
      (drillshape 0)
      (scaleselection 1)
      (outputdirectory ""))
  )

  (net 0 "")
  (net 1 "Net-(C1-Pad1)")
  (net 2 GND)
  (net 3 "Net-(C2-Pad1)")
  (net 4 +5V)
  (net 5 "Net-(D1-Pad2)")
  (net 6 "Net-(D1-Pad1)")
  (net 7 "Net-(D2-Pad1)")
  (net 8 "Net-(D2-Pad2)")
  (net 9 "Net-(D3-Pad2)")
  (net 10 "Net-(D3-Pad1)")
  (net 11 "Net-(D4-Pad2)")
  (net 12 "Net-(D4-Pad1)")
  (net 13 "Net-(D5-Pad1)")
  (net 14 "Net-(D5-Pad2)")
  (net 15 "Net-(D6-Pad2)")
  (net 16 "Net-(D6-Pad1)")
  (net 17 "Net-(D7-Pad1)")
  (net 18 "Net-(D7-Pad2)")
  (net 19 "Net-(D8-Pad1)")
  (net 20 "Net-(D8-Pad2)")
  (net 21 "Net-(J2-Pad1)")
  (net 22 "Net-(J2-Pad2)")
  (net 23 "Net-(J2-Pad3)")
  (net 24 "Net-(J2-Pad4)")
  (net 25 "Net-(J2-Pad5)")
  (net 26 "Net-(J2-Pad6)")
  (net 27 "Net-(J2-Pad7)")
  (net 28 "Net-(J2-Pad8)")
  (net 29 "Net-(J2-Pad9)")
  (net 30 "Net-(J2-Pad10)")
  (net 31 "Net-(J2-Pad11)")
  (net 32 "Net-(J2-Pad12)")
  (net 33 "Net-(J2-Pad13)")
  (net 34 "Net-(J2-Pad14)")
  (net 35 "Net-(J2-Pad15)")
  (net 36 "Net-(J2-Pad16)")
  (net 37 "Net-(J3-Pad1)")
  (net 38 "Net-(J3-Pad2)")
  (net 39 "Net-(J4-Pad2)")
  (net 40 "Net-(J4-Pad1)")
  (net 41 "Net-(J5-Pad2)")
  (net 42 R)
  (net 43 G)
  (net 44 B)
  (net 45 "Net-(J6-Pad4)")
  (net 46 "Net-(J6-Pad9)")
  (net 47 "Net-(J6-Pad11)")
  (net 48 SDA_VGA)
  (net 49 HSYNC)
  (net 50 VSYNC)
  (net 51 SCL_VGA)
  (net 52 "Net-(J9-Pad6)")
  (net 53 "Net-(J9-Pad4)")
  (net 54 "Net-(J10-Pad1)")
  (net 55 1Mhz)
  (net 56 2Mhz)
  (net 57 4Mhz)
  (net 58 8Mhz)
  (net 59 C11)
  (net 60 C12)
  (net 61 C13)
  (net 62 C14)
  (net 63 VBLANK)
  (net 64 "Net-(J12-Pad7)")
  (net 65 "Net-(J12-Pad8)")
  (net 66 C10)
  (net 67 C9)
  (net 68 C8)
  (net 69 C7)
  (net 70 C6)
  (net 71 C15)
  (net 72 "Net-(R1-Pad2)")
  (net 73 ~RES)
  (net 74 "Net-(R3-Pad2)")
  (net 75 "Net-(R4-Pad2)")
  (net 76 "Net-(R5-Pad1)")
  (net 77 "Net-(R7-Pad2)")
  (net 78 Ø2)
  (net 79 "Net-(U1-Pad12)")
  (net 80 A15)
  (net 81 ~ROM_SEL)
  (net 82 ~IO_SEL)
  (net 83 ~RAM_SEL)
  (net 84 A14)
  (net 85 A11)
  (net 86 A10)
  (net 87 "Net-(U2-Pad38)")
  (net 88 A9)
  (net 89 A8)
  (net 90 "Net-(U2-Pad36)")
  (net 91 A7)
  (net 92 "Net-(U2-Pad35)")
  (net 93 A6)
  (net 94 ~RW)
  (net 95 A5)
  (net 96 D0)
  (net 97 A4)
  (net 98 D1)
  (net 99 A3)
  (net 100 D2)
  (net 101 A2)
  (net 102 D3)
  (net 103 A1)
  (net 104 D4)
  (net 105 A0)
  (net 106 D5)
  (net 107 D6)
  (net 108 "Net-(U2-Pad7)")
  (net 109 D7)
  (net 110 "Net-(U2-Pad5)")
  (net 111 A13)
  (net 112 "Net-(U2-Pad3)")
  (net 113 A12)
  (net 114 ~LDOUTPUT)
  (net 115 "Net-(U5-Pad1)")
  (net 116 "Net-(U6-Pad10)")
  (net 117 "Net-(U6-Pad3)")
  (net 118 C3)
  (net 119 "Net-(U6-Pad4)")
  (net 120 C2)
  (net 121 "Net-(U6-Pad5)")
  (net 122 C1)
  (net 123 "Net-(U6-Pad6)")
  (net 124 C0)
  (net 125 "Net-(U6-Pad15)")
  (net 126 "Net-(U7-Pad15)")
  (net 127 C4)
  (net 128 "Net-(U7-Pad6)")
  (net 129 C5)
  (net 130 "Net-(U7-Pad5)")
  (net 131 "Net-(U7-Pad4)")
  (net 132 "Net-(U7-Pad11)")
  (net 133 "Net-(U7-Pad3)")
  (net 134 "Net-(U8-Pad11)")
  (net 135 "Net-(U9-Pad9)")
  (net 136 "Net-(U11-Pad18)")
  (net 137 "Net-(U11-Pad17)")
  (net 138 "Net-(U11-Pad16)")
  (net 139 "Net-(U11-Pad13)")
  (net 140 "Net-(U11-Pad12)")
  (net 141 "Net-(U11-Pad15)")
  (net 142 "Net-(U11-Pad14)")
  (net 143 "Net-(U9-Pad11)")
  (net 144 "Net-(U10-Pad11)")
  (net 145 "Net-(U10-Pad12)")
  (net 146 "Net-(U10-Pad13)")
  (net 147 "Net-(U10-Pad14)")
  (net 148 "Net-(U10-Pad15)")
  (net 149 "Net-(U10-Pad16)")
  (net 150 "Net-(U10-Pad17)")
  (net 151 "Net-(U10-Pad18)")
  (net 152 "Net-(U11-Pad9)")
  (net 153 "Net-(U11-Pad11)")
  (net 154 "Net-(U14-Pad6)")
  (net 155 16Mhz)
  (net 156 "Net-(U14-Pad10)")
  (net 157 "Net-(U14-Pad8)")
  (net 158 "Net-(U16-Pad27)")
  (net 159 "Net-(U17-Pad10)")
  (net 160 "Net-(U17-Pad8)")
  (net 161 "Net-(U18-Pad15)")
  (net 162 "Net-(U18-Pad16)")
  (net 163 "Net-(U18-Pad17)")
  (net 164 "Net-(U18-Pad18)")
  (net 165 "Net-(U18-Pad19)")
  (net 166 "Net-(U18-Pad11)")
  (net 167 "Net-(U18-Pad12)")
  (net 168 "Net-(U18-Pad13)")
  (net 169 "Net-(U19-Pad10)")
  (net 170 "Net-(U19-Pad3)")
  (net 171 "Net-(U19-Pad4)")
  (net 172 "Net-(U19-Pad5)")
  (net 173 "Net-(U19-Pad6)")
  (net 174 "Net-(U19-Pad15)")
  (net 175 "Net-(U20-Pad7)")
  (net 176 "Net-(U15-Pad4)")
  (net 177 +3V3)
  (net 178 "Net-(R8-Pad1)")
  (net 179 "Net-(R9-Pad1)")
  (net 180 "Net-(D-3v3-Pad1)")
  (net 181 "Net-(D-5V1-Pad1)")
  (net 182 "Net-(C19-Pad1)")
  (net 183 RES)

  (net_class Default "This is the default net class."
    (clearance 0.13)
    (trace_width 0.13)
    (via_dia 0.6)
    (via_drill 0.3)
    (uvia_dia 0.3)
    (uvia_drill 0.1)
    (add_net +3V3)
    (add_net 16Mhz)
    (add_net 1Mhz)
    (add_net 2Mhz)
    (add_net 4Mhz)
    (add_net 8Mhz)
    (add_net A0)
    (add_net A1)
    (add_net A10)
    (add_net A11)
    (add_net A12)
    (add_net A13)
    (add_net A14)
    (add_net A15)
    (add_net A2)
    (add_net A3)
    (add_net A4)
    (add_net A5)
    (add_net A6)
    (add_net A7)
    (add_net A8)
    (add_net A9)
    (add_net B)
    (add_net C0)
    (add_net C1)
    (add_net C10)
    (add_net C11)
    (add_net C12)
    (add_net C13)
    (add_net C14)
    (add_net C15)
    (add_net C2)
    (add_net C3)
    (add_net C4)
    (add_net C5)
    (add_net C6)
    (add_net C7)
    (add_net C8)
    (add_net C9)
    (add_net D0)
    (add_net D1)
    (add_net D2)
    (add_net D3)
    (add_net D4)
    (add_net D5)
    (add_net D6)
    (add_net D7)
    (add_net G)
    (add_net HSYNC)
    (add_net "Net-(C1-Pad1)")
    (add_net "Net-(C19-Pad1)")
    (add_net "Net-(C2-Pad1)")
    (add_net "Net-(D-3v3-Pad1)")
    (add_net "Net-(D-5V1-Pad1)")
    (add_net "Net-(D1-Pad1)")
    (add_net "Net-(D1-Pad2)")
    (add_net "Net-(D2-Pad1)")
    (add_net "Net-(D2-Pad2)")
    (add_net "Net-(D3-Pad1)")
    (add_net "Net-(D3-Pad2)")
    (add_net "Net-(D4-Pad1)")
    (add_net "Net-(D4-Pad2)")
    (add_net "Net-(D5-Pad1)")
    (add_net "Net-(D5-Pad2)")
    (add_net "Net-(D6-Pad1)")
    (add_net "Net-(D6-Pad2)")
    (add_net "Net-(D7-Pad1)")
    (add_net "Net-(D7-Pad2)")
    (add_net "Net-(D8-Pad1)")
    (add_net "Net-(D8-Pad2)")
    (add_net "Net-(J10-Pad1)")
    (add_net "Net-(J12-Pad7)")
    (add_net "Net-(J12-Pad8)")
    (add_net "Net-(J2-Pad1)")
    (add_net "Net-(J2-Pad10)")
    (add_net "Net-(J2-Pad11)")
    (add_net "Net-(J2-Pad12)")
    (add_net "Net-(J2-Pad13)")
    (add_net "Net-(J2-Pad14)")
    (add_net "Net-(J2-Pad15)")
    (add_net "Net-(J2-Pad16)")
    (add_net "Net-(J2-Pad2)")
    (add_net "Net-(J2-Pad3)")
    (add_net "Net-(J2-Pad4)")
    (add_net "Net-(J2-Pad5)")
    (add_net "Net-(J2-Pad6)")
    (add_net "Net-(J2-Pad7)")
    (add_net "Net-(J2-Pad8)")
    (add_net "Net-(J2-Pad9)")
    (add_net "Net-(J3-Pad1)")
    (add_net "Net-(J3-Pad2)")
    (add_net "Net-(J4-Pad1)")
    (add_net "Net-(J4-Pad2)")
    (add_net "Net-(J5-Pad2)")
    (add_net "Net-(J6-Pad11)")
    (add_net "Net-(J6-Pad4)")
    (add_net "Net-(J6-Pad9)")
    (add_net "Net-(J9-Pad4)")
    (add_net "Net-(J9-Pad6)")
    (add_net "Net-(R1-Pad2)")
    (add_net "Net-(R3-Pad2)")
    (add_net "Net-(R4-Pad2)")
    (add_net "Net-(R5-Pad1)")
    (add_net "Net-(R7-Pad2)")
    (add_net "Net-(R8-Pad1)")
    (add_net "Net-(R9-Pad1)")
    (add_net "Net-(U1-Pad12)")
    (add_net "Net-(U10-Pad11)")
    (add_net "Net-(U10-Pad12)")
    (add_net "Net-(U10-Pad13)")
    (add_net "Net-(U10-Pad14)")
    (add_net "Net-(U10-Pad15)")
    (add_net "Net-(U10-Pad16)")
    (add_net "Net-(U10-Pad17)")
    (add_net "Net-(U10-Pad18)")
    (add_net "Net-(U11-Pad11)")
    (add_net "Net-(U11-Pad12)")
    (add_net "Net-(U11-Pad13)")
    (add_net "Net-(U11-Pad14)")
    (add_net "Net-(U11-Pad15)")
    (add_net "Net-(U11-Pad16)")
    (add_net "Net-(U11-Pad17)")
    (add_net "Net-(U11-Pad18)")
    (add_net "Net-(U11-Pad9)")
    (add_net "Net-(U14-Pad10)")
    (add_net "Net-(U14-Pad6)")
    (add_net "Net-(U14-Pad8)")
    (add_net "Net-(U15-Pad4)")
    (add_net "Net-(U16-Pad27)")
    (add_net "Net-(U17-Pad10)")
    (add_net "Net-(U17-Pad8)")
    (add_net "Net-(U18-Pad11)")
    (add_net "Net-(U18-Pad12)")
    (add_net "Net-(U18-Pad13)")
    (add_net "Net-(U18-Pad15)")
    (add_net "Net-(U18-Pad16)")
    (add_net "Net-(U18-Pad17)")
    (add_net "Net-(U18-Pad18)")
    (add_net "Net-(U18-Pad19)")
    (add_net "Net-(U19-Pad10)")
    (add_net "Net-(U19-Pad15)")
    (add_net "Net-(U19-Pad3)")
    (add_net "Net-(U19-Pad4)")
    (add_net "Net-(U19-Pad5)")
    (add_net "Net-(U19-Pad6)")
    (add_net "Net-(U2-Pad3)")
    (add_net "Net-(U2-Pad35)")
    (add_net "Net-(U2-Pad36)")
    (add_net "Net-(U2-Pad38)")
    (add_net "Net-(U2-Pad5)")
    (add_net "Net-(U2-Pad7)")
    (add_net "Net-(U20-Pad7)")
    (add_net "Net-(U5-Pad1)")
    (add_net "Net-(U6-Pad10)")
    (add_net "Net-(U6-Pad15)")
    (add_net "Net-(U6-Pad3)")
    (add_net "Net-(U6-Pad4)")
    (add_net "Net-(U6-Pad5)")
    (add_net "Net-(U6-Pad6)")
    (add_net "Net-(U7-Pad11)")
    (add_net "Net-(U7-Pad15)")
    (add_net "Net-(U7-Pad3)")
    (add_net "Net-(U7-Pad4)")
    (add_net "Net-(U7-Pad5)")
    (add_net "Net-(U7-Pad6)")
    (add_net "Net-(U8-Pad11)")
    (add_net "Net-(U9-Pad11)")
    (add_net "Net-(U9-Pad9)")
    (add_net R)
    (add_net RES)
    (add_net SCL_VGA)
    (add_net SDA_VGA)
    (add_net VBLANK)
    (add_net VSYNC)
    (add_net ~IO_SEL)
    (add_net ~LDOUTPUT)
    (add_net ~RAM_SEL)
    (add_net ~RES)
    (add_net ~ROM_SEL)
    (add_net ~RW)
    (add_net Ø2)
  )

  (net_class Power ""
    (clearance 0.2)
    (trace_width 0.25)
    (via_dia 0.6)
    (via_drill 0.3)
    (uvia_dia 0.3)
    (uvia_drill 0.1)
    (add_net +5V)
    (add_net GND)
  )

  (module Package_DIP:DIP-28_W15.24mm (layer F.Cu) (tedit 5A02E8C5) (tstamp 60DFED26)
    (at 50.8 95.25 270)
    (descr "28-lead though-hole mounted DIP package, row spacing 15.24 mm (600 mils)")
    (tags "THT DIP DIL PDIP 2.54mm 15.24mm 600mil")
    (path /610C69E2/60D2C87C)
    (fp_text reference U16 (at 7.62 -2.33 90) (layer F.SilkS)
      (effects (font (size 1 1) (thickness 0.15)))
    )
    (fp_text value 62256 (at 7.62 35.35 90) (layer F.Fab)
      (effects (font (size 1 1) (thickness 0.15)))
    )
    (fp_line (start 16.3 -1.55) (end -1.05 -1.55) (layer F.CrtYd) (width 0.05))
    (fp_line (start 16.3 34.55) (end 16.3 -1.55) (layer F.CrtYd) (width 0.05))
    (fp_line (start -1.05 34.55) (end 16.3 34.55) (layer F.CrtYd) (width 0.05))
    (fp_line (start -1.05 -1.55) (end -1.05 34.55) (layer F.CrtYd) (width 0.05))
    (fp_line (start 14.08 -1.33) (end 8.62 -1.33) (layer F.SilkS) (width 0.12))
    (fp_line (start 14.08 34.35) (end 14.08 -1.33) (layer F.SilkS) (width 0.12))
    (fp_line (start 1.16 34.35) (end 14.08 34.35) (layer F.SilkS) (width 0.12))
    (fp_line (start 1.16 -1.33) (end 1.16 34.35) (layer F.SilkS) (width 0.12))
    (fp_line (start 6.62 -1.33) (end 1.16 -1.33) (layer F.SilkS) (width 0.12))
    (fp_line (start 0.255 -0.27) (end 1.255 -1.27) (layer F.Fab) (width 0.1))
    (fp_line (start 0.255 34.29) (end 0.255 -0.27) (layer F.Fab) (width 0.1))
    (fp_line (start 14.985 34.29) (end 0.255 34.29) (layer F.Fab) (width 0.1))
    (fp_line (start 14.985 -1.27) (end 14.985 34.29) (layer F.Fab) (width 0.1))
    (fp_line (start 1.255 -1.27) (end 14.985 -1.27) (layer F.Fab) (width 0.1))
    (fp_arc (start 7.62 -1.33) (end 6.62 -1.33) (angle -180) (layer F.SilkS) (width 0.12))
    (fp_text user %R (at 7.62 16.51 90) (layer F.Fab)
      (effects (font (size 1 1) (thickness 0.15)))
    )
    (pad 1 thru_hole rect (at 0 0 270) (size 1.6 1.6) (drill 0.8) (layers *.Cu *.Mask)
      (net 140 "Net-(U11-Pad12)"))
    (pad 15 thru_hole oval (at 15.24 33.02 270) (size 1.6 1.6) (drill 0.8) (layers *.Cu *.Mask)
      (net 102 D3))
    (pad 2 thru_hole oval (at 0 2.54 270) (size 1.6 1.6) (drill 0.8) (layers *.Cu *.Mask)
      (net 142 "Net-(U11-Pad14)"))
    (pad 16 thru_hole oval (at 15.24 30.48 270) (size 1.6 1.6) (drill 0.8) (layers *.Cu *.Mask)
      (net 104 D4))
    (pad 3 thru_hole oval (at 0 5.08 270) (size 1.6 1.6) (drill 0.8) (layers *.Cu *.Mask)
      (net 144 "Net-(U10-Pad11)"))
    (pad 17 thru_hole oval (at 15.24 27.94 270) (size 1.6 1.6) (drill 0.8) (layers *.Cu *.Mask)
      (net 106 D5))
    (pad 4 thru_hole oval (at 0 7.62 270) (size 1.6 1.6) (drill 0.8) (layers *.Cu *.Mask)
      (net 145 "Net-(U10-Pad12)"))
    (pad 18 thru_hole oval (at 15.24 25.4 270) (size 1.6 1.6) (drill 0.8) (layers *.Cu *.Mask)
      (net 107 D6))
    (pad 5 thru_hole oval (at 0 10.16 270) (size 1.6 1.6) (drill 0.8) (layers *.Cu *.Mask)
      (net 146 "Net-(U10-Pad13)"))
    (pad 19 thru_hole oval (at 15.24 22.86 270) (size 1.6 1.6) (drill 0.8) (layers *.Cu *.Mask)
      (net 109 D7))
    (pad 6 thru_hole oval (at 0 12.7 270) (size 1.6 1.6) (drill 0.8) (layers *.Cu *.Mask)
      (net 147 "Net-(U10-Pad14)"))
    (pad 20 thru_hole oval (at 15.24 20.32 270) (size 1.6 1.6) (drill 0.8) (layers *.Cu *.Mask)
      (net 2 GND))
    (pad 7 thru_hole oval (at 0 15.24 270) (size 1.6 1.6) (drill 0.8) (layers *.Cu *.Mask)
      (net 148 "Net-(U10-Pad15)"))
    (pad 21 thru_hole oval (at 15.24 17.78 270) (size 1.6 1.6) (drill 0.8) (layers *.Cu *.Mask)
      (net 138 "Net-(U11-Pad16)"))
    (pad 8 thru_hole oval (at 0 17.78 270) (size 1.6 1.6) (drill 0.8) (layers *.Cu *.Mask)
      (net 149 "Net-(U10-Pad16)"))
    (pad 22 thru_hole oval (at 15.24 15.24 270) (size 1.6 1.6) (drill 0.8) (layers *.Cu *.Mask)
      (net 140 "Net-(U11-Pad12)"))
    (pad 9 thru_hole oval (at 0 20.32 270) (size 1.6 1.6) (drill 0.8) (layers *.Cu *.Mask)
      (net 150 "Net-(U10-Pad17)"))
    (pad 23 thru_hole oval (at 15.24 12.7 270) (size 1.6 1.6) (drill 0.8) (layers *.Cu *.Mask)
      (net 141 "Net-(U11-Pad15)"))
    (pad 10 thru_hole oval (at 0 22.86 270) (size 1.6 1.6) (drill 0.8) (layers *.Cu *.Mask)
      (net 151 "Net-(U10-Pad18)"))
    (pad 24 thru_hole oval (at 15.24 10.16 270) (size 1.6 1.6) (drill 0.8) (layers *.Cu *.Mask)
      (net 137 "Net-(U11-Pad17)"))
    (pad 11 thru_hole oval (at 0 25.4 270) (size 1.6 1.6) (drill 0.8) (layers *.Cu *.Mask)
      (net 96 D0))
    (pad 25 thru_hole oval (at 15.24 7.62 270) (size 1.6 1.6) (drill 0.8) (layers *.Cu *.Mask)
      (net 136 "Net-(U11-Pad18)"))
    (pad 12 thru_hole oval (at 0 27.94 270) (size 1.6 1.6) (drill 0.8) (layers *.Cu *.Mask)
      (net 98 D1))
    (pad 26 thru_hole oval (at 15.24 5.08 270) (size 1.6 1.6) (drill 0.8) (layers *.Cu *.Mask)
      (net 139 "Net-(U11-Pad13)"))
    (pad 13 thru_hole oval (at 0 30.48 270) (size 1.6 1.6) (drill 0.8) (layers *.Cu *.Mask)
      (net 100 D2))
    (pad 27 thru_hole oval (at 15.24 2.54 270) (size 1.6 1.6) (drill 0.8) (layers *.Cu *.Mask)
      (net 158 "Net-(U16-Pad27)"))
    (pad 14 thru_hole oval (at 0 33.02 270) (size 1.6 1.6) (drill 0.8) (layers *.Cu *.Mask)
      (net 2 GND))
    (pad 28 thru_hole oval (at 15.24 0 270) (size 1.6 1.6) (drill 0.8) (layers *.Cu *.Mask)
      (net 4 +5V))
    (model ${KISYS3DMOD}/Package_DIP.3dshapes/DIP-28_W15.24mm.wrl
      (at (xyz 0 0 0))
      (scale (xyz 1 1 1))
      (rotate (xyz 0 0 0))
    )
  )

  (module Package_DIP:DIP-40_W15.24mm (layer F.Cu) (tedit 5A02E8C5) (tstamp 60DFDEAB)
    (at 17.78 161.29 90)
    (descr "40-lead though-hole mounted DIP package, row spacing 15.24 mm (600 mils)")
    (tags "THT DIP DIL PDIP 2.54mm 15.24mm 600mil")
    (path /617D6EC7)
    (fp_text reference U3 (at 7.62 -2.33 90) (layer F.SilkS)
      (effects (font (size 1 1) (thickness 0.15)))
    )
    (fp_text value R6522 (at 7.62 50.59 90) (layer F.Fab)
      (effects (font (size 1 1) (thickness 0.15)))
    )
    (fp_line (start 16.3 -1.55) (end -1.05 -1.55) (layer F.CrtYd) (width 0.05))
    (fp_line (start 16.3 49.8) (end 16.3 -1.55) (layer F.CrtYd) (width 0.05))
    (fp_line (start -1.05 49.8) (end 16.3 49.8) (layer F.CrtYd) (width 0.05))
    (fp_line (start -1.05 -1.55) (end -1.05 49.8) (layer F.CrtYd) (width 0.05))
    (fp_line (start 14.08 -1.33) (end 8.62 -1.33) (layer F.SilkS) (width 0.12))
    (fp_line (start 14.08 49.59) (end 14.08 -1.33) (layer F.SilkS) (width 0.12))
    (fp_line (start 1.16 49.59) (end 14.08 49.59) (layer F.SilkS) (width 0.12))
    (fp_line (start 1.16 -1.33) (end 1.16 49.59) (layer F.SilkS) (width 0.12))
    (fp_line (start 6.62 -1.33) (end 1.16 -1.33) (layer F.SilkS) (width 0.12))
    (fp_line (start 0.255 -0.27) (end 1.255 -1.27) (layer F.Fab) (width 0.1))
    (fp_line (start 0.255 49.53) (end 0.255 -0.27) (layer F.Fab) (width 0.1))
    (fp_line (start 14.985 49.53) (end 0.255 49.53) (layer F.Fab) (width 0.1))
    (fp_line (start 14.985 -1.27) (end 14.985 49.53) (layer F.Fab) (width 0.1))
    (fp_line (start 1.255 -1.27) (end 14.985 -1.27) (layer F.Fab) (width 0.1))
    (fp_arc (start 7.62 -1.33) (end 6.62 -1.33) (angle -180) (layer F.SilkS) (width 0.12))
    (fp_text user %R (at 7.62 24.13 90) (layer F.Fab)
      (effects (font (size 1 1) (thickness 0.15)))
    )
    (pad 1 thru_hole rect (at 0 0 90) (size 1.6 1.6) (drill 0.8) (layers *.Cu *.Mask)
      (net 2 GND))
    (pad 21 thru_hole oval (at 15.24 48.26 90) (size 1.6 1.6) (drill 0.8) (layers *.Cu *.Mask)
      (net 75 "Net-(R4-Pad2)"))
    (pad 2 thru_hole oval (at 0 2.54 90) (size 1.6 1.6) (drill 0.8) (layers *.Cu *.Mask)
      (net 21 "Net-(J2-Pad1)"))
    (pad 22 thru_hole oval (at 15.24 45.72 90) (size 1.6 1.6) (drill 0.8) (layers *.Cu *.Mask)
      (net 94 ~RW))
    (pad 3 thru_hole oval (at 0 5.08 90) (size 1.6 1.6) (drill 0.8) (layers *.Cu *.Mask)
      (net 22 "Net-(J2-Pad2)"))
    (pad 23 thru_hole oval (at 15.24 43.18 90) (size 1.6 1.6) (drill 0.8) (layers *.Cu *.Mask)
      (net 82 ~IO_SEL))
    (pad 4 thru_hole oval (at 0 7.62 90) (size 1.6 1.6) (drill 0.8) (layers *.Cu *.Mask)
      (net 23 "Net-(J2-Pad3)"))
    (pad 24 thru_hole oval (at 15.24 40.64 90) (size 1.6 1.6) (drill 0.8) (layers *.Cu *.Mask)
      (net 111 A13))
    (pad 5 thru_hole oval (at 0 10.16 90) (size 1.6 1.6) (drill 0.8) (layers *.Cu *.Mask)
      (net 24 "Net-(J2-Pad4)"))
    (pad 25 thru_hole oval (at 15.24 38.1 90) (size 1.6 1.6) (drill 0.8) (layers *.Cu *.Mask)
      (net 78 Ø2))
    (pad 6 thru_hole oval (at 0 12.7 90) (size 1.6 1.6) (drill 0.8) (layers *.Cu *.Mask)
      (net 25 "Net-(J2-Pad5)"))
    (pad 26 thru_hole oval (at 15.24 35.56 90) (size 1.6 1.6) (drill 0.8) (layers *.Cu *.Mask)
      (net 109 D7))
    (pad 7 thru_hole oval (at 0 15.24 90) (size 1.6 1.6) (drill 0.8) (layers *.Cu *.Mask)
      (net 26 "Net-(J2-Pad6)"))
    (pad 27 thru_hole oval (at 15.24 33.02 90) (size 1.6 1.6) (drill 0.8) (layers *.Cu *.Mask)
      (net 107 D6))
    (pad 8 thru_hole oval (at 0 17.78 90) (size 1.6 1.6) (drill 0.8) (layers *.Cu *.Mask)
      (net 27 "Net-(J2-Pad7)"))
    (pad 28 thru_hole oval (at 15.24 30.48 90) (size 1.6 1.6) (drill 0.8) (layers *.Cu *.Mask)
      (net 106 D5))
    (pad 9 thru_hole oval (at 0 20.32 90) (size 1.6 1.6) (drill 0.8) (layers *.Cu *.Mask)
      (net 28 "Net-(J2-Pad8)"))
    (pad 29 thru_hole oval (at 15.24 27.94 90) (size 1.6 1.6) (drill 0.8) (layers *.Cu *.Mask)
      (net 104 D4))
    (pad 10 thru_hole oval (at 0 22.86 90) (size 1.6 1.6) (drill 0.8) (layers *.Cu *.Mask)
      (net 29 "Net-(J2-Pad9)"))
    (pad 30 thru_hole oval (at 15.24 25.4 90) (size 1.6 1.6) (drill 0.8) (layers *.Cu *.Mask)
      (net 102 D3))
    (pad 11 thru_hole oval (at 0 25.4 90) (size 1.6 1.6) (drill 0.8) (layers *.Cu *.Mask)
      (net 30 "Net-(J2-Pad10)"))
    (pad 31 thru_hole oval (at 15.24 22.86 90) (size 1.6 1.6) (drill 0.8) (layers *.Cu *.Mask)
      (net 100 D2))
    (pad 12 thru_hole oval (at 0 27.94 90) (size 1.6 1.6) (drill 0.8) (layers *.Cu *.Mask)
      (net 31 "Net-(J2-Pad11)"))
    (pad 32 thru_hole oval (at 15.24 20.32 90) (size 1.6 1.6) (drill 0.8) (layers *.Cu *.Mask)
      (net 98 D1))
    (pad 13 thru_hole oval (at 0 30.48 90) (size 1.6 1.6) (drill 0.8) (layers *.Cu *.Mask)
      (net 32 "Net-(J2-Pad12)"))
    (pad 33 thru_hole oval (at 15.24 17.78 90) (size 1.6 1.6) (drill 0.8) (layers *.Cu *.Mask)
      (net 96 D0))
    (pad 14 thru_hole oval (at 0 33.02 90) (size 1.6 1.6) (drill 0.8) (layers *.Cu *.Mask)
      (net 33 "Net-(J2-Pad13)"))
    (pad 34 thru_hole oval (at 15.24 15.24 90) (size 1.6 1.6) (drill 0.8) (layers *.Cu *.Mask)
      (net 73 ~RES))
    (pad 15 thru_hole oval (at 0 35.56 90) (size 1.6 1.6) (drill 0.8) (layers *.Cu *.Mask)
      (net 34 "Net-(J2-Pad14)"))
    (pad 35 thru_hole oval (at 15.24 12.7 90) (size 1.6 1.6) (drill 0.8) (layers *.Cu *.Mask)
      (net 99 A3))
    (pad 16 thru_hole oval (at 0 38.1 90) (size 1.6 1.6) (drill 0.8) (layers *.Cu *.Mask)
      (net 35 "Net-(J2-Pad15)"))
    (pad 36 thru_hole oval (at 15.24 10.16 90) (size 1.6 1.6) (drill 0.8) (layers *.Cu *.Mask)
      (net 101 A2))
    (pad 17 thru_hole oval (at 0 40.64 90) (size 1.6 1.6) (drill 0.8) (layers *.Cu *.Mask)
      (net 36 "Net-(J2-Pad16)"))
    (pad 37 thru_hole oval (at 15.24 7.62 90) (size 1.6 1.6) (drill 0.8) (layers *.Cu *.Mask)
      (net 103 A1))
    (pad 18 thru_hole oval (at 0 43.18 90) (size 1.6 1.6) (drill 0.8) (layers *.Cu *.Mask)
      (net 40 "Net-(J4-Pad1)"))
    (pad 38 thru_hole oval (at 15.24 5.08 90) (size 1.6 1.6) (drill 0.8) (layers *.Cu *.Mask)
      (net 105 A0))
    (pad 19 thru_hole oval (at 0 45.72 90) (size 1.6 1.6) (drill 0.8) (layers *.Cu *.Mask)
      (net 39 "Net-(J4-Pad2)"))
    (pad 39 thru_hole oval (at 15.24 2.54 90) (size 1.6 1.6) (drill 0.8) (layers *.Cu *.Mask)
      (net 38 "Net-(J3-Pad2)"))
    (pad 20 thru_hole oval (at 0 48.26 90) (size 1.6 1.6) (drill 0.8) (layers *.Cu *.Mask)
      (net 4 +5V))
    (pad 40 thru_hole oval (at 15.24 0 90) (size 1.6 1.6) (drill 0.8) (layers *.Cu *.Mask)
      (net 37 "Net-(J3-Pad1)"))
    (model ${KISYS3DMOD}/Package_DIP.3dshapes/DIP-40_W15.24mm.wrl
      (at (xyz 0 0 0))
      (scale (xyz 1 1 1))
      (rotate (xyz 0 0 0))
    )
  )

  (module Resistor_SMD:R_0805_2012Metric (layer F.Cu) (tedit 5B36C52B) (tstamp 60DF7EEC)
    (at 17.78 117.3965 270)
    (descr "Resistor SMD 0805 (2012 Metric), square (rectangular) end terminal, IPC_7351 nominal, (Body size source: https://docs.google.com/spreadsheets/d/1BsfQQcO9C6DZCsRaXUlFlo91Tg2WpOkGARC1WS5S8t0/edit?usp=sharing), generated with kicad-footprint-generator")
    (tags resistor)
    (path /612C00F0)
    (attr smd)
    (fp_text reference R2 (at 0 1.905 90) (layer F.SilkS)
      (effects (font (size 1 1) (thickness 0.15)))
    )
    (fp_text value Pull (at 0 1.65 90) (layer F.Fab)
      (effects (font (size 1 1) (thickness 0.15)))
    )
    (fp_line (start -1 0.6) (end -1 -0.6) (layer F.Fab) (width 0.1))
    (fp_line (start -1 -0.6) (end 1 -0.6) (layer F.Fab) (width 0.1))
    (fp_line (start 1 -0.6) (end 1 0.6) (layer F.Fab) (width 0.1))
    (fp_line (start 1 0.6) (end -1 0.6) (layer F.Fab) (width 0.1))
    (fp_line (start -0.258578 -0.71) (end 0.258578 -0.71) (layer F.SilkS) (width 0.12))
    (fp_line (start -0.258578 0.71) (end 0.258578 0.71) (layer F.SilkS) (width 0.12))
    (fp_line (start -1.68 0.95) (end -1.68 -0.95) (layer F.CrtYd) (width 0.05))
    (fp_line (start -1.68 -0.95) (end 1.68 -0.95) (layer F.CrtYd) (width 0.05))
    (fp_line (start 1.68 -0.95) (end 1.68 0.95) (layer F.CrtYd) (width 0.05))
    (fp_line (start 1.68 0.95) (end -1.68 0.95) (layer F.CrtYd) (width 0.05))
    (fp_text user %R (at 0 0 90) (layer F.Fab)
      (effects (font (size 0.5 0.5) (thickness 0.08)))
    )
    (pad 2 smd roundrect (at 0.9375 0 270) (size 0.975 1.4) (layers F.Cu F.Paste F.Mask) (roundrect_rratio 0.25)
      (net 73 ~RES))
    (pad 1 smd roundrect (at -0.9375 0 270) (size 0.975 1.4) (layers F.Cu F.Paste F.Mask) (roundrect_rratio 0.25)
      (net 4 +5V))
    (model ${KISYS3DMOD}/Resistor_SMD.3dshapes/R_0805_2012Metric.wrl
      (at (xyz 0 0 0))
      (scale (xyz 1 1 1))
      (rotate (xyz 0 0 0))
    )
  )

  (module Capacitor_SMD:C_0805_2012Metric (layer F.Cu) (tedit 5B36C52B) (tstamp 60E06303)
    (at 140.6375 96.52 180)
    (descr "Capacitor SMD 0805 (2012 Metric), square (rectangular) end terminal, IPC_7351 nominal, (Body size source: https://docs.google.com/spreadsheets/d/1BsfQQcO9C6DZCsRaXUlFlo91Tg2WpOkGARC1WS5S8t0/edit?usp=sharing), generated with kicad-footprint-generator")
    (tags capacitor)
    (path /610C69E2/60C4186A)
    (attr smd)
    (fp_text reference C1 (at 0 1.524) (layer F.SilkS)
      (effects (font (size 1 1) (thickness 0.15)))
    )
    (fp_text value 18pF (at 0 1.65) (layer F.Fab)
      (effects (font (size 1 1) (thickness 0.15)))
    )
    (fp_line (start 1.68 0.95) (end -1.68 0.95) (layer F.CrtYd) (width 0.05))
    (fp_line (start 1.68 -0.95) (end 1.68 0.95) (layer F.CrtYd) (width 0.05))
    (fp_line (start -1.68 -0.95) (end 1.68 -0.95) (layer F.CrtYd) (width 0.05))
    (fp_line (start -1.68 0.95) (end -1.68 -0.95) (layer F.CrtYd) (width 0.05))
    (fp_line (start -0.258578 0.71) (end 0.258578 0.71) (layer F.SilkS) (width 0.12))
    (fp_line (start -0.258578 -0.71) (end 0.258578 -0.71) (layer F.SilkS) (width 0.12))
    (fp_line (start 1 0.6) (end -1 0.6) (layer F.Fab) (width 0.1))
    (fp_line (start 1 -0.6) (end 1 0.6) (layer F.Fab) (width 0.1))
    (fp_line (start -1 -0.6) (end 1 -0.6) (layer F.Fab) (width 0.1))
    (fp_line (start -1 0.6) (end -1 -0.6) (layer F.Fab) (width 0.1))
    (fp_text user %R (at 0 0) (layer F.Fab)
      (effects (font (size 0.5 0.5) (thickness 0.08)))
    )
    (pad 1 smd roundrect (at -0.9375 0 180) (size 0.975 1.4) (layers F.Cu F.Paste F.Mask) (roundrect_rratio 0.25)
      (net 1 "Net-(C1-Pad1)"))
    (pad 2 smd roundrect (at 0.9375 0 180) (size 0.975 1.4) (layers F.Cu F.Paste F.Mask) (roundrect_rratio 0.25)
      (net 2 GND))
    (model ${KISYS3DMOD}/Capacitor_SMD.3dshapes/C_0805_2012Metric.wrl
      (at (xyz 0 0 0))
      (scale (xyz 1 1 1))
      (rotate (xyz 0 0 0))
    )
  )

  (module Capacitor_SMD:C_0805_2012Metric (layer F.Cu) (tedit 5B36C52B) (tstamp 60E062D3)
    (at 136.2225 96.52)
    (descr "Capacitor SMD 0805 (2012 Metric), square (rectangular) end terminal, IPC_7351 nominal, (Body size source: https://docs.google.com/spreadsheets/d/1BsfQQcO9C6DZCsRaXUlFlo91Tg2WpOkGARC1WS5S8t0/edit?usp=sharing), generated with kicad-footprint-generator")
    (tags capacitor)
    (path /610C69E2/60C41F7B)
    (attr smd)
    (fp_text reference C2 (at 0 -1.65) (layer F.SilkS)
      (effects (font (size 1 1) (thickness 0.15)))
    )
    (fp_text value 18pF (at 0 1.65) (layer F.Fab)
      (effects (font (size 1 1) (thickness 0.15)))
    )
    (fp_line (start -1 0.6) (end -1 -0.6) (layer F.Fab) (width 0.1))
    (fp_line (start -1 -0.6) (end 1 -0.6) (layer F.Fab) (width 0.1))
    (fp_line (start 1 -0.6) (end 1 0.6) (layer F.Fab) (width 0.1))
    (fp_line (start 1 0.6) (end -1 0.6) (layer F.Fab) (width 0.1))
    (fp_line (start -0.258578 -0.71) (end 0.258578 -0.71) (layer F.SilkS) (width 0.12))
    (fp_line (start -0.258578 0.71) (end 0.258578 0.71) (layer F.SilkS) (width 0.12))
    (fp_line (start -1.68 0.95) (end -1.68 -0.95) (layer F.CrtYd) (width 0.05))
    (fp_line (start -1.68 -0.95) (end 1.68 -0.95) (layer F.CrtYd) (width 0.05))
    (fp_line (start 1.68 -0.95) (end 1.68 0.95) (layer F.CrtYd) (width 0.05))
    (fp_line (start 1.68 0.95) (end -1.68 0.95) (layer F.CrtYd) (width 0.05))
    (fp_text user %R (at 0 0) (layer F.Fab)
      (effects (font (size 0.5 0.5) (thickness 0.08)))
    )
    (pad 2 smd roundrect (at 0.9375 0) (size 0.975 1.4) (layers F.Cu F.Paste F.Mask) (roundrect_rratio 0.25)
      (net 2 GND))
    (pad 1 smd roundrect (at -0.9375 0) (size 0.975 1.4) (layers F.Cu F.Paste F.Mask) (roundrect_rratio 0.25)
      (net 3 "Net-(C2-Pad1)"))
    (model ${KISYS3DMOD}/Capacitor_SMD.3dshapes/C_0805_2012Metric.wrl
      (at (xyz 0 0 0))
      (scale (xyz 1 1 1))
      (rotate (xyz 0 0 0))
    )
  )

  (module Capacitor_SMD:C_0603_1608Metric (layer F.Cu) (tedit 5B301BBE) (tstamp 60DF7BC1)
    (at 54.5845 110.744)
    (descr "Capacitor SMD 0603 (1608 Metric), square (rectangular) end terminal, IPC_7351 nominal, (Body size source: http://www.tortai-tech.com/upload/download/2011102023233369053.pdf), generated with kicad-footprint-generator")
    (tags capacitor)
    (path /61E5FC6C)
    (attr smd)
    (fp_text reference C3 (at 0 -1.43) (layer F.SilkS)
      (effects (font (size 1 1) (thickness 0.15)))
    )
    (fp_text value 100nF (at 0.1525 1.43) (layer F.Fab)
      (effects (font (size 1 1) (thickness 0.15)))
    )
    (fp_line (start 1.48 0.73) (end -1.48 0.73) (layer F.CrtYd) (width 0.05))
    (fp_line (start 1.48 -0.73) (end 1.48 0.73) (layer F.CrtYd) (width 0.05))
    (fp_line (start -1.48 -0.73) (end 1.48 -0.73) (layer F.CrtYd) (width 0.05))
    (fp_line (start -1.48 0.73) (end -1.48 -0.73) (layer F.CrtYd) (width 0.05))
    (fp_line (start -0.162779 0.51) (end 0.162779 0.51) (layer F.SilkS) (width 0.12))
    (fp_line (start -0.162779 -0.51) (end 0.162779 -0.51) (layer F.SilkS) (width 0.12))
    (fp_line (start 0.8 0.4) (end -0.8 0.4) (layer F.Fab) (width 0.1))
    (fp_line (start 0.8 -0.4) (end 0.8 0.4) (layer F.Fab) (width 0.1))
    (fp_line (start -0.8 -0.4) (end 0.8 -0.4) (layer F.Fab) (width 0.1))
    (fp_line (start -0.8 0.4) (end -0.8 -0.4) (layer F.Fab) (width 0.1))
    (fp_text user %R (at 0 0) (layer F.Fab)
      (effects (font (size 0.4 0.4) (thickness 0.06)))
    )
    (pad 1 smd roundrect (at -0.7875 0) (size 0.875 0.95) (layers F.Cu F.Paste F.Mask) (roundrect_rratio 0.25)
      (net 4 +5V))
    (pad 2 smd roundrect (at 0.7875 0) (size 0.875 0.95) (layers F.Cu F.Paste F.Mask) (roundrect_rratio 0.25)
      (net 2 GND))
    (model ${KISYS3DMOD}/Capacitor_SMD.3dshapes/C_0603_1608Metric.wrl
      (at (xyz 0 0 0))
      (scale (xyz 1 1 1))
      (rotate (xyz 0 0 0))
    )
  )

  (module Capacitor_SMD:C_0603_1608Metric (layer F.Cu) (tedit 5B301BBE) (tstamp 60DF7BD2)
    (at 127 99.8475 90)
    (descr "Capacitor SMD 0603 (1608 Metric), square (rectangular) end terminal, IPC_7351 nominal, (Body size source: http://www.tortai-tech.com/upload/download/2011102023233369053.pdf), generated with kicad-footprint-generator")
    (tags capacitor)
    (path /610C69E2/6227F027)
    (attr smd)
    (fp_text reference C4 (at 0 -1.43 90) (layer F.SilkS)
      (effects (font (size 1 1) (thickness 0.15)))
    )
    (fp_text value 100nF (at 0 1.43 90) (layer F.Fab)
      (effects (font (size 1 1) (thickness 0.15)))
    )
    (fp_line (start -0.8 0.4) (end -0.8 -0.4) (layer F.Fab) (width 0.1))
    (fp_line (start -0.8 -0.4) (end 0.8 -0.4) (layer F.Fab) (width 0.1))
    (fp_line (start 0.8 -0.4) (end 0.8 0.4) (layer F.Fab) (width 0.1))
    (fp_line (start 0.8 0.4) (end -0.8 0.4) (layer F.Fab) (width 0.1))
    (fp_line (start -0.162779 -0.51) (end 0.162779 -0.51) (layer F.SilkS) (width 0.12))
    (fp_line (start -0.162779 0.51) (end 0.162779 0.51) (layer F.SilkS) (width 0.12))
    (fp_line (start -1.48 0.73) (end -1.48 -0.73) (layer F.CrtYd) (width 0.05))
    (fp_line (start -1.48 -0.73) (end 1.48 -0.73) (layer F.CrtYd) (width 0.05))
    (fp_line (start 1.48 -0.73) (end 1.48 0.73) (layer F.CrtYd) (width 0.05))
    (fp_line (start 1.48 0.73) (end -1.48 0.73) (layer F.CrtYd) (width 0.05))
    (fp_text user %R (at 0 0 90) (layer F.Fab)
      (effects (font (size 0.4 0.4) (thickness 0.06)))
    )
    (pad 2 smd roundrect (at 0.7875 0 90) (size 0.875 0.95) (layers F.Cu F.Paste F.Mask) (roundrect_rratio 0.25)
      (net 2 GND))
    (pad 1 smd roundrect (at -0.7875 0 90) (size 0.875 0.95) (layers F.Cu F.Paste F.Mask) (roundrect_rratio 0.25)
      (net 4 +5V))
    (model ${KISYS3DMOD}/Capacitor_SMD.3dshapes/C_0603_1608Metric.wrl
      (at (xyz 0 0 0))
      (scale (xyz 1 1 1))
      (rotate (xyz 0 0 0))
    )
  )

  (module Capacitor_SMD:C_0603_1608Metric (layer F.Cu) (tedit 5B301BBE) (tstamp 60E2BD90)
    (at 69.8245 155.829 180)
    (descr "Capacitor SMD 0603 (1608 Metric), square (rectangular) end terminal, IPC_7351 nominal, (Body size source: http://www.tortai-tech.com/upload/download/2011102023233369053.pdf), generated with kicad-footprint-generator")
    (tags capacitor)
    (path /610C69E2/6227F047)
    (attr smd)
    (fp_text reference C5 (at 0 -1.43) (layer F.SilkS)
      (effects (font (size 1 1) (thickness 0.15)))
    )
    (fp_text value 100nF (at 0 1.43) (layer F.Fab)
      (effects (font (size 1 1) (thickness 0.15)))
    )
    (fp_line (start 1.48 0.73) (end -1.48 0.73) (layer F.CrtYd) (width 0.05))
    (fp_line (start 1.48 -0.73) (end 1.48 0.73) (layer F.CrtYd) (width 0.05))
    (fp_line (start -1.48 -0.73) (end 1.48 -0.73) (layer F.CrtYd) (width 0.05))
    (fp_line (start -1.48 0.73) (end -1.48 -0.73) (layer F.CrtYd) (width 0.05))
    (fp_line (start -0.162779 0.51) (end 0.162779 0.51) (layer F.SilkS) (width 0.12))
    (fp_line (start -0.162779 -0.51) (end 0.162779 -0.51) (layer F.SilkS) (width 0.12))
    (fp_line (start 0.8 0.4) (end -0.8 0.4) (layer F.Fab) (width 0.1))
    (fp_line (start 0.8 -0.4) (end 0.8 0.4) (layer F.Fab) (width 0.1))
    (fp_line (start -0.8 -0.4) (end 0.8 -0.4) (layer F.Fab) (width 0.1))
    (fp_line (start -0.8 0.4) (end -0.8 -0.4) (layer F.Fab) (width 0.1))
    (fp_text user %R (at 0 0 90) (layer F.Fab)
      (effects (font (size 0.4 0.4) (thickness 0.06)))
    )
    (pad 1 smd roundrect (at -0.7875 0 180) (size 0.875 0.95) (layers F.Cu F.Paste F.Mask) (roundrect_rratio 0.25)
      (net 4 +5V))
    (pad 2 smd roundrect (at 0.7875 0 180) (size 0.875 0.95) (layers F.Cu F.Paste F.Mask) (roundrect_rratio 0.25)
      (net 2 GND))
    (model ${KISYS3DMOD}/Capacitor_SMD.3dshapes/C_0603_1608Metric.wrl
      (at (xyz 0 0 0))
      (scale (xyz 1 1 1))
      (rotate (xyz 0 0 0))
    )
  )

  (module Capacitor_SMD:C_0603_1608Metric (layer F.Cu) (tedit 5B301BBE) (tstamp 60E07997)
    (at 18.5165 77.978)
    (descr "Capacitor SMD 0603 (1608 Metric), square (rectangular) end terminal, IPC_7351 nominal, (Body size source: http://www.tortai-tech.com/upload/download/2011102023233369053.pdf), generated with kicad-footprint-generator")
    (tags capacitor)
    (path /610C69E2/622A5ECE)
    (attr smd)
    (fp_text reference C6 (at 0 -1.43) (layer F.SilkS)
      (effects (font (size 1 1) (thickness 0.15)))
    )
    (fp_text value 100nF (at 0 1.43) (layer F.Fab)
      (effects (font (size 1 1) (thickness 0.15)))
    )
    (fp_line (start -0.8 0.4) (end -0.8 -0.4) (layer F.Fab) (width 0.1))
    (fp_line (start -0.8 -0.4) (end 0.8 -0.4) (layer F.Fab) (width 0.1))
    (fp_line (start 0.8 -0.4) (end 0.8 0.4) (layer F.Fab) (width 0.1))
    (fp_line (start 0.8 0.4) (end -0.8 0.4) (layer F.Fab) (width 0.1))
    (fp_line (start -0.162779 -0.51) (end 0.162779 -0.51) (layer F.SilkS) (width 0.12))
    (fp_line (start -0.162779 0.51) (end 0.162779 0.51) (layer F.SilkS) (width 0.12))
    (fp_line (start -1.48 0.73) (end -1.48 -0.73) (layer F.CrtYd) (width 0.05))
    (fp_line (start -1.48 -0.73) (end 1.48 -0.73) (layer F.CrtYd) (width 0.05))
    (fp_line (start 1.48 -0.73) (end 1.48 0.73) (layer F.CrtYd) (width 0.05))
    (fp_line (start 1.48 0.73) (end -1.48 0.73) (layer F.CrtYd) (width 0.05))
    (fp_text user %R (at 0 0) (layer F.Fab)
      (effects (font (size 0.4 0.4) (thickness 0.06)))
    )
    (pad 2 smd roundrect (at 0.7875 0) (size 0.875 0.95) (layers F.Cu F.Paste F.Mask) (roundrect_rratio 0.25)
      (net 2 GND))
    (pad 1 smd roundrect (at -0.7875 0) (size 0.875 0.95) (layers F.Cu F.Paste F.Mask) (roundrect_rratio 0.25)
      (net 4 +5V))
    (model ${KISYS3DMOD}/Capacitor_SMD.3dshapes/C_0603_1608Metric.wrl
      (at (xyz 0 0 0))
      (scale (xyz 1 1 1))
      (rotate (xyz 0 0 0))
    )
  )

  (module Capacitor_SMD:C_0603_1608Metric (layer F.Cu) (tedit 5B301BBE) (tstamp 60DF7C05)
    (at 137.16 118.5925 90)
    (descr "Capacitor SMD 0603 (1608 Metric), square (rectangular) end terminal, IPC_7351 nominal, (Body size source: http://www.tortai-tech.com/upload/download/2011102023233369053.pdf), generated with kicad-footprint-generator")
    (tags capacitor)
    (path /610C69E2/622A5EEE)
    (attr smd)
    (fp_text reference C7 (at 0 1.524 90) (layer F.SilkS)
      (effects (font (size 1 1) (thickness 0.15)))
    )
    (fp_text value 100nF (at 0 1.43 90) (layer F.Fab)
      (effects (font (size 1 1) (thickness 0.15)))
    )
    (fp_line (start 1.48 0.73) (end -1.48 0.73) (layer F.CrtYd) (width 0.05))
    (fp_line (start 1.48 -0.73) (end 1.48 0.73) (layer F.CrtYd) (width 0.05))
    (fp_line (start -1.48 -0.73) (end 1.48 -0.73) (layer F.CrtYd) (width 0.05))
    (fp_line (start -1.48 0.73) (end -1.48 -0.73) (layer F.CrtYd) (width 0.05))
    (fp_line (start -0.162779 0.51) (end 0.162779 0.51) (layer F.SilkS) (width 0.12))
    (fp_line (start -0.162779 -0.51) (end 0.162779 -0.51) (layer F.SilkS) (width 0.12))
    (fp_line (start 0.8 0.4) (end -0.8 0.4) (layer F.Fab) (width 0.1))
    (fp_line (start 0.8 -0.4) (end 0.8 0.4) (layer F.Fab) (width 0.1))
    (fp_line (start -0.8 -0.4) (end 0.8 -0.4) (layer F.Fab) (width 0.1))
    (fp_line (start -0.8 0.4) (end -0.8 -0.4) (layer F.Fab) (width 0.1))
    (fp_text user %R (at 0 0 90) (layer F.Fab)
      (effects (font (size 0.4 0.4) (thickness 0.06)))
    )
    (pad 1 smd roundrect (at -0.7875 0 90) (size 0.875 0.95) (layers F.Cu F.Paste F.Mask) (roundrect_rratio 0.25)
      (net 4 +5V))
    (pad 2 smd roundrect (at 0.7875 0 90) (size 0.875 0.95) (layers F.Cu F.Paste F.Mask) (roundrect_rratio 0.25)
      (net 2 GND))
    (model ${KISYS3DMOD}/Capacitor_SMD.3dshapes/C_0603_1608Metric.wrl
      (at (xyz 0 0 0))
      (scale (xyz 1 1 1))
      (rotate (xyz 0 0 0))
    )
  )

  (module Capacitor_SMD:C_0603_1608Metric (layer F.Cu) (tedit 5B301BBE) (tstamp 60E062A3)
    (at 161.29 112.5475 270)
    (descr "Capacitor SMD 0603 (1608 Metric), square (rectangular) end terminal, IPC_7351 nominal, (Body size source: http://www.tortai-tech.com/upload/download/2011102023233369053.pdf), generated with kicad-footprint-generator")
    (tags capacitor)
    (path /610C69E2/6225ECB6)
    (attr smd)
    (fp_text reference C8 (at 0.2285 1.524 90) (layer F.SilkS)
      (effects (font (size 1 1) (thickness 0.15)))
    )
